11.68612
13.04672
9.994966
14.22511
7.235793
13.9736
13.38946
14.08373
10.9854
12.76907
6.048314
13.39054
7.620185
14.55734
14.55852
9.667492
2.348043
17.26452
17.46246
8.193969
11.69281
11.10739
11.1877
12.46423
20.15412
15.97452
14.25385
9.873997
13.33518
11.60201
9.292353
9.996822
3.892021
4.10814
12.15067
10.8717
6.955251
17.97811
9.990978
13.92332
15.91208
7.751367
8.590045
9.884468
12.83706
15.70106
6.880295
5.892283
9.18836
14.60107
6.918506
9.19983
13.90467
6.940786
6.690613
12.5525
11.10317
12.72011
10.94295
9.320174
9.137624
14.35609
6.302568
7.764362
12.94864
15.5633
14.59429
18.8509
10.68304
12.48866
6.511648
11.7992
18.3456
9.441873
11.07506
14.15555
9.920544
9.538615
10.07293
4.111769
10.0525
14.83117
15.1032
8.216098
15.49805
8.274606
6.772784
12.82203
12.26839
17.70715
12.43119
15.15118
12.81494
7.836852
15.31306
8.069026
20.01912
13.78899
15.94449
5.130588
10.18561
8.777056
7.07702
12.54934
15.07968
13.67363
8.971881
23.28367
8.875933
10.95021
11.32324
12.01952
12.27727
16.06737
16.69324
11.69046
9.415078
13.96871
11.79022
12.35449
13.52842
12.78637
12.76016
9.961278
11.32031
8.954938
16.18058
12.9
11.70358
12.49553
9.300182
12.05579
16.4076
10.80347
12.22334
10.70983
19.7955
16.59135
6.874923
6.554473
15.49655
10.84662
15.09704
9.5782
13.32114
21.25491
14.75589
12.83751
11.14226
17.65259
7.879761
7.696748
14.49608
11.38548
12.20132
13.9088
7.137855
15.70798
12.41201
9.953863
13.85507
5.042605
9.562455
17.59783
15.9221
8.518784
19.31139
17.01662
8.879285
13.24382
10.55496
12.97265
11.13845
13.55175
10.00183
14.01241
6.296991
11.68303
8.710337
8.834991
13.87869
12.22826
13.83152
9.490998
7.320065
16.47521
16.01308
6.202501
11.48448
15.67483
15.0161
9.040657
17.20682
6.546662
15.08486
19.08561
12.66101
12.31646
10.76766
12.33731
3.138624
7.685682
14.91972
10.60653
10.85552
12.43663
11.52191
16.80981
16.55733
15.14821
9.585739
16.87255
14.49294
10.09961
15.77001
6.874444
8.982211
6.992113
11.85353
7.461097
8.025838
14.72758
14.54977
12.58337
15.8725
11.73587
10.32344
14.37637
12.49381
16.62844
5.599638
12.93359
14.69762
16.40607
10.64294
20.81605
14.87664
13.0208
12.02017
15.01377
17.60739
9.08606
15.44217
11.60486
12.25582
13.50665
13.36602
12.70233
8.01234
15.34059
12.62648
14.46486
13.1378
8.938254
14.9913
15.24344
3.31071
12.49936
12.84169
10.37193
14.71204
11.23728
7.181752
12.00982
8.616517
4.6294
10.13193
10.57796
14.53492
15.0297
9.231135
15.09649
14.51834
5.867411
9.512537
9.796948
13.45966
10.50644
15.39956
10.62864
11.42751
15.90617
13.5134
12.64934
9.140924
16.28635
12.8474
12.88149
11.96383
13.32211
12.02386
10.8757
11.94119
15.80029
16.4995
9.490138
9.510601
10.94734
15.12929
12.02988
7.539065
14.80241
9.465739
13.67028
9.942065
8.561527
12.48633
8.156834
8.484392
12.18184
6.429948
13.21428
9.379004
16.73634
10.62963
7.859394
14.75561
17.62079
9.689302
10.10852
5.43525
16.16774
14.14576
15.95431
12.26721
14.3973
9.851844
10.74874
11.61922
10.0035
12.98086
10.63138
14.2656
16.70468
11.35491
8.158915
11.87584
13.85484
6.034814
5.550389
11.82144
11.04598
16.25978
20.12382
13.2953
12.33466
5.396231
16.93894
12.50819
15.32139
13.11669
12.89365
15.35069
6.042831
19.55264
18.43435
13.63084
8.190933
14.33833
12.29181
14.0046
11.69382
14.43342
14.88915
11.41089
13.27852
7.910497
6.940696
18.39581
6.172201
5.967668
9.300297
14.14213
10.20283
16.70398
13.27325
5.663034
12.72639
7.491265
11.6464
4.933204
10.08673
11.79184
10.89564
15.30257
10.58349
11.50716
13.33964
12.44729
19.05098
8.839812
15.93788
10.1546
13.21112
8.388877
11.07119
12.38063
9.470431
10.03751
6.950001
9.996184
10.43764
14.17125
8.759379
15.2498
13.41603
18.57313
15.41508
17.58842
14.17966
12.1533
7.233694
12.26309
14.19179
16.32155
13.51532
15.60252
16.01035
3.353413
14.37099
11.18575
6.670357
12.60732
15.42708
11.67117
10.15353
8.128345
11.10138
17.49958
13.20507
19.24942
10.42515
10.75156
11.18204
6.738565
11.78871
8.334748
9.668885
11.85226
9.959446
14.367
9.398276
3.332848
11.44954
9.737991
14.42053
12.02973
9.592277
18.28959
14.81405
14.13331
10.12511
13.9921
9.928297
13.64185
14.09085
12.07587
13.79286
8.619517
18.44902
12.14106
6.569156
12.69598
8.809605
15.07711
7.325585
12.28523
14.08731
5.17031
13.0891
14.63148
15.86845
9.433316
9.718824
17.30637
10.31985
11.29465
13.78919
11.14897
10.84109
11.24042
9.222744
16.09081
11.3387
2.609694
9.345252
13.1048
15.55876
10.9064
12.11799
14.79349
15.46224
11.78443
19.36951
13.58052
10.20116
13.13007
21.00116
16.10352
13.47935
15.271
7.836246
14.49734
5.874938
10.6744
13.45868
14.16645
16.67384
2.148612
11.49099
8.938324
14.17742
6.514359
14.10227
14.80253
19.01449
17.15277
9.498776
6.989428
11.85812
12.99996
12.04475
14.11289
16.30707
7.616008
10.5098
10.07574
16.77014
10.29954
12.94555
16.3631
16.53694
12.38158
13.54969
16.33556
12.67419
9.847681
15.72479
9.256996
16.0501
15.39422
12.82591
10.17013
10.72056
19.39958
12.67547
8.816201
13.88968
18.05973
9.133115
11.96481
14.49795
12.20133
13.37776
13.25094
14.25755
10.84162
14.50286
16.59928
8.710346
12.82988
12.47665
14.33951
13.13312
20.13911
8.031415
16.11115
20.72046
8.906168
10.32331
15.99594
10.94346
15.06133
13.85525
17.23642
9.966607
10.52177
11.3572
9.522815
15.94928
15.19793
7.774324
8.268895
11.61186
4.871864
8.246392
14.3717
10.96294
6.845388
12.15738
11.57631
14.4456
16.99122
13.66515
12.53589
6.981291
7.403198
19.96324
9.752239
10.77738
11.50541
11.39035
10.0784
14.20301
9.563066
16.06256
5.123603
9.306132
13.16083
11.61466
10.17319
13.28575
8.179822
12.99934
13.83005
6.708138
14.93773
11.48022
12.23002
12.81131
5.556426
13.44643
14.59897
8.948913
14.39627
13.89605
12.04063
7.825268
12.85929
3.030235
11.30103
15.61908
14.33289
11.6351
10.24705
19.37694
16.56344
11.85136
12.15349
8.895602
17.08036
16.60621
8.73971
15.38033
12.84957
15.59731
14.11076
3.68771
13.49443
9.932699
13.4804
9.345989
17.2276
6.842473
10.57804
10.63242
10.00769
6.389551
7.882936
6.398741
16.05554
16.35512
14.1428
9.051162
10.16363
9.96455
10.5056
11.55957
16.78854
13.54682
14.95871
13.62719
15.00622
20.33214
11.44466
6.812066
14.91922
12.44667
13.34421
12.55505
13.39682
14.92686
12.10211
17.92519
20.82826
11.32813
10.07092
7.724602
10.16337
11.01985
14.10376
14.82119
10.6229
7.034474
6.703671
17.97764
11.51766
13.18829
8.992553
18.24276
8.602374
12.42778
13.715
13.28754
16.3792
10.57082
10.93023
11.14204
7.164848
9.918596
10.69646
11.88296
11.75383
15.128
14.57614
9.610904
12.14946
19.33514
9.614296
12.7869
14.15437
14.7131
3.66526
14.28472
11.71767
9.86551
9.41705
14.28824
14.74666
10.76965
11.9942
13.7375
15.43975
6.939772
5.528488
18.02228
14.67665
10.47072
11.21232
9.101756
14.24283
9.625058
11.86732
13.74903
9.63793
9.022133
11.74616
14.57175
13.65618
12.43232
9.320545
20.58864
7.112741
8.877213
13.6383
11.54538
3.97614
11.61019
8.57417
16.52693
12.94164
15.26272
11.20607
12.90112
17.29152
17.27772
15.28866
12.72826
10.35859
11.11645
14.65174
11.27656
12.38393
9.192028
3.664341
7.845788
12.08185
17.6342
10.50385
13.07751
14.45144
14.50384
7.805377
10.90013
7.888122
12.78597
16.00211
12.93037
13.84722
14.40963
8.06895
13.78526
11.79584
11.40863
13.3665
16.63291
6.497904
12.20842
12.88927
10.62409
13.39624
11.49447
10.98547
9.073369
16.90911
16.92441
8.39963
12.19789
11.64381
8.975024
13.88589
10.52083
14.14036
10.1512
12.5253
11.51899
14.28668
6.27623
10.69603
15.62055
8.676275
10.32131
16.53668
11.21833
9.851079
15.7558
15.84704
16.88686
14.87914
13.64009
12.84989
14.29908
13.21695
11.02287
9.55011
12.75661
14.59277
15.52366
8.214224
10.9636
11.72892
13.32002
11.2094
16.07191
11.55136
16.74907
3.911674
10.81232
13.37945
10.96926
15.21661
11.14242
10.9697
8.541437
11.77857
10.09991
14.34412
15.09892
15.41176
12.65136
15.09607
11.76116
7.86365
15.87575
14.08615
13.04756
12.39033
11.64142
15.2656
19.64521
13.53512
11.21937
12.51221
8.917059
9.912711
17.31216
15.54123
9.816471
12.26633
15.39815
21.42259
8.782556
17.13168
15.19774
11.88189
16.44054
10.37748
19.51261
8.28868
13.97793
20.60954
9.93418
11.78168
11.46555
14.79704
18.28262
13.073
12.82897
13.87997
12.94355
18.90285
9.898567
15.4033
18.93073
9.658597
8.760478
11.44639
7.073411
13.41445
7.065379
13.47283
13.40171
13.83782
14.5819
9.559072
11.98355
17.27795
5.787339
14.01274
9.7039
11.47513
9.725807
11.17542
9.892754
16.10542
12.77857
16.57929
13.14809
11.4069
12.8319
8.723678
10.41584
16.52616
12.80217
8.234664
13.43504
9.914109
16.81968
12.63513
14.26179
13.72566
10.20173
11.49578
6.317403
10.1002
14.85582
12.30375
12.45663
16.01262
10.73345
11.85526
15.15713
12.20089
10.24728
12.11825
12.0595
15.98514
11.82573
12.38476
15.64998
15.59084
12.99272
10.93987
13.54734
11.67839
10.61404
15.51988
17.21993
10.26685
20.12112
10.01921
11.05853
17.00585
5.145842
13.03106
10.06146
6.897754
11.16845
9.517432
16.54841
14.63916
7.339241
11.40663
6.232682
18.5418
12.68104
12.93694
15.03846
7.071078
16.00079
15.22803
12.16629
16.30602
13.30062
12.96542
16.43649
11.39523
8.403817
5.718307
5.912422
